ALPHA
19 
876 
20 
46 
99 
14 
99 
4 
50000 
2695 
104 
11 
206 
35 
0 
36 
0 
61 
0 
43 
0 
43 
0 
43 
0 
0 
0 
52 
53 
0 
0 
0 
0 
0 
6 
0 
0 
1 
1 
0 
0 
0 
0 
1 
1 
1 
0 
0 
0 
5 
0 
1 
1 
0 
727 
0 
0 
0 
0 
1 
1 
1 
1 
4 
1 
0 
0 
0 
0 
0 
0 
0 
4 
0 
4 
1 
-1 
0 
0 
0 
1 
1 
1 
1 
1 
0 
2 
0 
25 
0 
0 
1 
0 
1 
1 
0 
1 
1 
0 
4 
0 
0 
0 
0 
0 
0 
24 
0 
0 
0 
1 
0 
0 
0 
0 
0 
0 
0 
0 
3 
10 
0 
0 
0 
0 
1 
0 
0 
0 
1 
0 
1 
2 
0 
1 
1 
0 
3 
1 
1 
0 
0 
0 
1 
1 
0 
0 
0 
0 
0 
0 
0 
0 
0 
0 
0 
0 
0 
0 
0 
0 
0 
0 
0 
0 
0 
0 
0 
0 
0 
0 
0 
0 
0 
0 
0 
0 
0 
0 
0 
0 
0 
0 
0 
0 
0 
0 
0 
0 
0 
0 
0 
0 
0 
0 
0 
0 
0 
0 
0 
0 
0 
0 
0 
0 
0 
0 
0 
0 
0 
0 
0 
0 
0 
0 
0 
0 
0 
0 
0 
0 
0 
0 
0 
0 
0 
0 
0 
0 
205 
104 
22 
16 
19 
41 
0 
0 
0 
0 
0 
0 
0 
0 
0 
0 
0 
0 
0 
0 
0 
1 
1 
0 
0 
0 
0 
0 
0 
0 
0 
0 
0 
0 
0 
0 
0 
0 
0 
0 
0 
0 
0 
0 
0 
0 
0 
0 
0 
0 
0 
1 
1 
4 
1 
1 
1 
0 
0 
0 
1 
0 
0 
0 
0 
0 
0 
0 
0 
0 
1 
0 
0 
0 
0 
2 
0 
1 
0 
0 
0 
0 
1 
0 
0 
0 
0 
0 
0 
0 
1 
1 
0 
0 
0 
0 
0 
0 
0 
0 
3 
13 
60 
0 
0 
0 
0 
0 
0 
0 
999 
0 
0 
0 
0 
0 
0 
0 
0 
0 
0 
0 
0 
0 
0 
0 
0 
0 
0 
0 
0 
0 
0 
0 
0 
0 
0 
0 
0 
0 
0 
0 
0 
0 
0 
0 
0 
0 
0 
0 
1 
0 
0 
5 
2 
0 
0 
3 
7 
0 
0 
0 
0 
0 
0 
0 
0 
1 
1 
99 
1 
1 
0 
1 
1 
1 
0 
0 
0 
0 
0 
0 
10 
0 
0 
0 
1 
0 
0 
0 
0 
0 
0 
0 
0 
0 
6 
1 
5 
1 
1 
0 
1 
0 
0 
0 
0 
0 
20 
0 
0 
0 
0 
0 
0 
0 
0 
1 
1 
1 
0 
3 
0 
0 
0 
1 
0 
0 
0 
0 
0 
1 
1 
0 
0 
2 
1 
1 
0 
0 
5 
0 
1 
1 
1 
1 
0 
0 
0 
0 
17 
0 
1 
1 
1 
1 
2 
0 
0 
0 
0 
0 
0 
0 
0 
0 
0 
0 
0 
0 
0 
0 
0 
0 
0 
0 
0 
0 
0 
0 
0 
0 
0 
0 
0 
0 
0 
0 
0 
0 
0 
0 
0 
0 
0 
0 
-1 
0 
0 
0 
0 
0 
0 
0 
0 
0 
0 
0 
0 
0 
0 
0 
199 
1 
1 
1 
218 
231 
500749 