SIGMA
12 
192 
20 
32 
15 
12 
15 
4 
2547 
32 
44 
16 
221 
59 
220 
59 
206 
17 
210 
59 
0 
59 
0 
0 
0 
0 
0 
51 
50 
0 
0 
0 
0 
0 
88 
0 
0 
0 
1 
0 
0 
0 
0 
1 
0 
1 
0 
0 
0 
0 
0 
0 
12 
0 
823 
0 
1 
0 
0 
1 
1 
1 
1 
4 
1 
0 
0 
0 
0 
3 
2 
1 
3 
0 
5 
0 
-1 
0 
0 
0 
0 
1 
1 
1 
1 
1 
2 
0 
48 
61 
0 
1 
1 
1 
0 
1 
0 
1 
0 
4 
0 
0 
0 
0 
4 
1 
4 
0 
8 
0 
1 
0 
0 
0 
0 
1 
0 
4 
2 
2 
1 
0 
3 
0 
1 
3 
0 
0 
3 
0 
0 
1 
2 
0 
0 
1 
1 
2 
1 
1 
1 
1 
1 
1 
1 
0 
0 
0 
0 
0 
0 
0 
0 
0 
0 
0 
0 
0 
0 
0 
0 
1 
0 
0 
0 
0 
0 
0 
0 
1 
0 
0 
1 
0 
0 
1 
1 
0 
0 
0 
1 
1 
1 
0 
0 
0 
0 
0 
0 
0 
0 
0 
0 
0 
0 
0 
0 
0 
0 
0 
0 
0 
0 
0 
0 
0 
0 
0 
0 
0 
0 
0 
0 
0 
0 
0 
0 
0 
0 
0 
0 
0 
0 
0 
0 
0 
0 
0 
0 
205 
44 
7 
14 
9 
10 
0 
0 
0 
0 
0 
0 
0 
0 
0 
0 
0 
0 
0 
0 
0 
0 
0 
0 
0 
0 
0 
0 
0 
0 
0 
0 
0 
0 
0 
0 
0 
0 
0 
0 
0 
0 
0 
0 
0 
0 
0 
0 
0 
0 
1 
0 
0 
0 
1 
0 
0 
0 
0 
0 
1 
0 
0 
0 
0 
7 
1 
0 
0 
1 
1 
0 
0 
0 
0 
2 
1 
0 
0 
1 
0 
2 
1 
1 
0 
0 
0 
0 
0 
1 
0 
0 
0 
0 
0 
0 
0 
0 
0 
0 
60 
47 
46 
49 
0 
0 
0 
0 
0 
0 
999 
0 
0 
0 
0 
0 
0 
0 
0 
0 
0 
0 
0 
0 
0 
0 
0 
0 
0 
0 
0 
0 
0 
0 
0 
0 
0 
0 
0 
0 
0 
0 
0 
0 
0 
0 
0 
0 
0 
0 
1 
-496 
1 
1 
2 
1 
1 
5 
1 
0 
0 
0 
0 
0 
0 
0 
0 
0 
0 
26 
2 
1 
0 
1 
1 
1 
0 
1 
30 
1 
0 
0 
40 
10 
0 
2 
1 
0 
0 
0 
0 
2 
0 
0 
0 
6 
6 
1 
4 
1 
1 
0 
1 
0 
0 
3 
2 
3 
3 
1 
0 
0 
0 
2 
1 
1 
1 
1 
1 
1 
1 
3 
0 
0 
2 
0 
1 
0 
0 
0 
0 
1 
1 
0 
1 
2 
3 
2 
0 
0 
2 
0 
1 
0 
1 
0 
0 
0 
0 
0 
17 
0 
1 
1 
1 
1 
2 
0 
1 
3 
3 
0 
0 
0 
0 
0 
0 
0 
0 
0 
0 
0 
0 
0 
0 
0 
0 
0 
0 
0 
0 
0 
0 
0 
0 
0 
0 
0 
0 
0 
0 
0 
1 
0 
0 
0 
5 
0 
0 
0 
0 
0 
0 
0 
0 
0 
0 
0 
0 
0 
0 
0 
208 
1 
1 
1 
337 
319 
764656 